-1.5 -0.72 1.57 0
-1.49687 -0.919967 1.60288 -0.199978
-1.4912 -1.11988 1.58424 0
-1.49718 -0.919979 1.61712 0.199964
-1.50972 -0.720381 1.65001 0.199964
-1.52882 -0.521305 1.68289 0.199964
-1.55446 -0.322963 1.71577 0.199964
-1.5866 -0.125572 1.74866 0.199964
-1.62522 0.0706556 1.78154 0.199964
-1.67026 0.265508 1.81442 0.199964
-1.72169 0.458774 1.8473 0.199964
-1.77944 0.650244 1.88019 0.199964
-1.84346 0.839713 1.91307 0.199964
-1.91367 1.02697 1.94595 0.19997
-1.98953 1.21202 1.96063 0.123194
-2.007 1.255 1.953 0
